687
274
719
700
664
74
624
651
176
547
747
251
168
474
389
277
656
705
571
225
702
333
787
795
58
235
33
324
411
275
68
217
581
736
323
218
672
512
406
659
470
147
272
143
253
763
575
552
270
765
599
439
598
409
371
815
142
522
506
94
774
49
113
157
643
164
697
433
611
66
395
391
766
480
542
258
567
12
768
739
118
699
550
833
657
349
115
301
446
162
465
4
740
737
786
513
183
520
109
641
306
655
741
828
204
771
383
166
553
544
1
614
332
501
20
748
372
315
246
60
247
802
81
88
498
71
546
129
132
676
487
563
170
792
541
622
434
803
726
206
320
781
688
666
728
449
530
463
124
254
231
785
347
22
603
568
236
680
226
8
73
647
61
809
70
808
339
674
527
244
286
710
220
696
136
585
591
485
249
750
417
195
97
100
442
363
698
421
479
56
101
63
413
348
112
255
197
653
752
460
144
767
188
830
821
256
78
454
564
644
52
554
16
96
243
171
654
663
493
219
806
798
169
820
3
400
701
466
293
648
570
499
159
637
304
223
715
594
556
770
322
59
731
489
515
725
745
593
521
83
191
709
670
241
414
123
790
41
84
430
536
807
268
210
597
245
608
796
135
308
469
573
75
10
794
103
76
551
615
519
679
660
358
583
823
379
292
588
689
310
760
9
307
107
138
271
119
110
160
279
289
216
352
209
539
518
721
759
53
95
605
284
46
743
342
134
269
727
453
438
561
832
628
484
516
354
834
77
280
19
428
190
299
283
558
221
683
681
158
187
461
478
408
441
21
494
184
108
350
128
732
526
182
609
287
510
448
531
318
384
80
122
443
576
410
416
91
452
212
13
92
378
619
401
211
723
343
472
377
626
733
137
82
404
360
645
196
447
720
440
713
114
559
419
678
180
729
673
492
117
755
744
338
99
205
612
791
36
396
504
783
329
261
788
735
805
814
15
782
555
464
298
661
746
708
734
784
177
374
403
161
224
311
262
455
198
296
98
131
23
649
405
724
267
276
532
369
380
508
344
625
495
677
427
341
418
694
451
340
64
388
154
260
602
511
816
822
207
357
152
523
617
431
533
387
601
682
90
316
548
155
208
281
392
156
793
704
382
297
402
336
165
239
227
450
537
658
620
87
44
146
264
325
476
172
48
121
780
116
102
500
633
24
126
665
313
38
234
213
295
827
638
685
437
125
703
610
55
799
772
468
266
238
26
631
627
595
317
69
302
623
761
163
376
259
596
762
229
467
386
684
133
127
778
789
818
579
141
817
40
749
328
140
330
769
42
557
797
538
319
79
668
669
356
477
549
370
422
32
483
214
420
314
232
399
150
337
179
6
662
390
616
148
397
278
2
600
507
193
252
534
606
312
578
540
192
189
294
345
509
57
545
393
582
640
436
675
671
385
692
174
285
104
186
43
120
432
574
646
7
475
365
145
290
257
497
458
263
35
303
47
800
67
444
471
589
435
503
361
584
72
364
65
490
273
5
139
14
366
810
167
18
636
11
693
375
592
